2
50
0 Phyllaemulor bracteatus
1 Nyctibius grandis
2 Nyctibius aethereus
3 Nyctibius griseus
4 Nyctibius leucopterus
5 Cypseloides senex
6 Streptoprocne biscutata
7 Panyptila cayennensis
8 Chaetura meridionalis
9 Calliphlox amethystina
10 Stephanoxis loddigesii
11 Chionomesa lactea
12 Chlorestes notata
13 Elliotomyia chionogaster
14 Hylocharis chrysura
15 Eupetomena macroura
16 Thalurania glaucopis
17 Anthracothorax nigricollis
18 Jacamerops aureus
19 Jacamaralcyon tridactyla
20 Cyphos macrodactylus
21 Galbula leucogastra
22 Galbula cyanescens
23 Nystalus maculatus
24 Chelidoptera tenebrosa
25 Guira guira
26 Crotophaga major
27 Crotophaga ani
28 Dromococcyx pavoninus
29 Dromococcyx phasianellus
30 Tapera naevia
31 Neomorphus geoffroyi
32 Neomorphus squamiger
33 Neomorphus rufipennis
34 Neomorphus pucheranii
35 Coccycua minuta
36 Micrococcyx cinereus
37 Piaya cayana
38 Cuculus canorus
39 Pelecanus occidentalis
40 Platalea ajaja
41 Theristicus caudatus
42 Mesembrinibis cayennensis
43 Eudocimus ruber
44 Cochlearius cochlearius
45 Butorides striata
46 Ardea purpurea
47 Egretta gularis
48 Egretta caerulea
49 Egretta thula
1225
0 1 3
0 2 3
0 3 3
0 4 3
0 5 1
0 6 1
0 7 1
0 8 1
0 9 1
0 10 1
0 11 1
0 12 1
0 13 1
0 14 1
0 15 1
0 16 1
0 17 1
0 18 1
0 19 1
0 20 1
0 21 1
0 22 1
0 23 1
0 24 1
0 25 1
0 26 1
0 27 1
0 28 1
0 29 1
0 30 1
0 31 1
0 32 1
0 33 1
0 34 1
0 35 1
0 36 1
0 37 1
0 38 1
0 39 1
0 40 1
0 41 1
0 42 1
0 43 1
0 44 1
0 45 1
0 46 1
0 47 1
0 48 1
0 49 1
1 2 4
1 3 4
1 4 4
1 5 1
1 6 1
1 7 1
1 8 1
1 9 1
1 10 1
1 11 1
1 12 1
1 13 1
1 14 1
1 15 1
1 16 1
1 17 1
1 18 1
1 19 1
1 20 1
1 21 1
1 22 1
1 23 1
1 24 1
1 25 1
1 26 1
1 27 1
1 28 1
1 29 1
1 30 1
1 31 1
1 32 1
1 33 1
1 34 1
1 35 1
1 36 1
1 37 1
1 38 1
1 39 1
1 40 1
1 41 1
1 42 1
1 43 1
1 44 1
1 45 1
1 46 1
1 47 1
1 48 1
1 49 1
2 3 4
2 4 4
2 5 1
2 6 1
2 7 1
2 8 1
2 9 1
2 10 1
2 11 1
2 12 1
2 13 1
2 14 1
2 15 1
2 16 1
2 17 1
2 18 1
2 19 1
2 20 1
2 21 1
2 22 1
2 23 1
2 24 1
2 25 1
2 26 1
2 27 1
2 28 1
2 29 1
2 30 1
2 31 1
2 32 1
2 33 1
2 34 1
2 35 1
2 36 1
2 37 1
2 38 1
2 39 1
2 40 1
2 41 1
2 42 1
2 43 1
2 44 1
2 45 1
2 46 1
2 47 1
2 48 1
2 49 1
3 4 4
3 5 1
3 6 1
3 7 1
3 8 1
3 9 1
3 10 1
3 11 1
3 12 1
3 13 1
3 14 1
3 15 1
3 16 1
3 17 1
3 18 1
3 19 1
3 20 1
3 21 1
3 22 1
3 23 1
3 24 1
3 25 1
3 26 1
3 27 1
3 28 1
3 29 1
3 30 1
3 31 1
3 32 1
3 33 1
3 34 1
3 35 1
3 36 1
3 37 1
3 38 1
3 39 1
3 40 1
3 41 1
3 42 1
3 43 1
3 44 1
3 45 1
3 46 1
3 47 1
3 48 1
3 49 1
4 5 1
4 6 1
4 7 1
4 8 1
4 9 1
4 10 1
4 11 1
4 12 1
4 13 1
4 14 1
4 15 1
4 16 1
4 17 1
4 18 1
4 19 1
4 20 1
4 21 1
4 22 1
4 23 1
4 24 1
4 25 1
4 26 1
4 27 1
4 28 1
4 29 1
4 30 1
4 31 1
4 32 1
4 33 1
4 34 1
4 35 1
4 36 1
4 37 1
4 38 1
4 39 1
4 40 1
4 41 1
4 42 1
4 43 1
4 44 1
4 45 1
4 46 1
4 47 1
4 48 1
4 49 1
5 6 3
5 7 3
5 8 3
5 9 2
5 10 2
5 11 2
5 12 2
5 13 2
5 14 2
5 15 2
5 16 2
5 17 2
5 18 1
5 19 1
5 20 1
5 21 1
5 22 1
5 23 1
5 24 1
5 25 1
5 26 1
5 27 1
5 28 1
5 29 1
5 30 1
5 31 1
5 32 1
5 33 1
5 34 1
5 35 1
5 36 1
5 37 1
5 38 1
5 39 1
5 40 1
5 41 1
5 42 1
5 43 1
5 44 1
5 45 1
5 46 1
5 47 1
5 48 1
5 49 1
6 7 3
6 8 3
6 9 2
6 10 2
6 11 2
6 12 2
6 13 2
6 14 2
6 15 2
6 16 2
6 17 2
6 18 1
6 19 1
6 20 1
6 21 1
6 22 1
6 23 1
6 24 1
6 25 1
6 26 1
6 27 1
6 28 1
6 29 1
6 30 1
6 31 1
6 32 1
6 33 1
6 34 1
6 35 1
6 36 1
6 37 1
6 38 1
6 39 1
6 40 1
6 41 1
6 42 1
6 43 1
6 44 1
6 45 1
6 46 1
6 47 1
6 48 1
6 49 1
7 8 3
7 9 2
7 10 2
7 11 2
7 12 2
7 13 2
7 14 2
7 15 2
7 16 2
7 17 2
7 18 1
7 19 1
7 20 1
7 21 1
7 22 1
7 23 1
7 24 1
7 25 1
7 26 1
7 27 1
7 28 1
7 29 1
7 30 1
7 31 1
7 32 1
7 33 1
7 34 1
7 35 1
7 36 1
7 37 1
7 38 1
7 39 1
7 40 1
7 41 1
7 42 5
7 43 1
7 44 1
7 45 1
7 46 1
7 47 1
7 48 1
7 49 1
8 9 2
8 10 2
8 11 2
8 12 2
8 13 2
8 14 2
8 15 2
8 16 2
8 17 2
8 18 1
8 19 1
8 20 1
8 21 1
8 22 1
8 23 1
8 24 1
8 25 1
8 26 1
8 27 1
8 28 1
8 29 1
8 30 1
8 31 1
8 32 1
8 33 1
8 34 1
8 35 1
8 36 1
8 37 1
8 38 1
8 39 1
8 40 1
8 41 1
8 42 1
8 43 1
8 44 1
8 45 1
8 46 1
8 47 1
8 48 1
8 49 1
9 10 3
9 11 3
9 12 3
9 13 3
9 14 3
9 15 3
9 16 3
9 17 3
9 18 1
9 19 1
9 20 1
9 21 1
9 22 1
9 23 1
9 24 1
9 25 1
9 26 1
9 27 1
9 28 1
9 29 1
9 30 1
9 31 1
9 32 1
9 33 1
9 34 1
9 35 1
9 36 1
9 37 1
9 38 1
9 39 1
9 40 1
9 41 1
9 42 1
9 43 1
9 44 1
9 45 1
9 46 1
9 47 1
9 48 1
9 49 1
10 11 3
10 12 3
10 13 3
10 14 3
10 15 3
10 16 3
10 17 3
10 18 1
10 19 1
10 20 1
10 21 1
10 22 1
10 23 1
10 24 1
10 25 1
10 26 1
10 27 1
10 28 1
10 29 1
10 30 1
10 31 1
10 32 1
10 33 1
10 34 1
10 35 1
10 36 1
10 37 1
10 38 1
10 39 1
10 40 1
10 41 1
10 42 1
10 43 1
10 44 1
10 45 1
10 46 1
10 47 1
10 48 1
10 49 1
11 12 3
11 13 3
11 14 3
11 15 3
11 16 3
11 17 3
11 18 1
11 19 1
11 20 1
11 21 1
11 22 1
11 23 1
11 24 1
11 25 1
11 26 1
11 27 1
11 28 1
11 29 1
11 30 1
11 31 1
11 32 1
11 33 1
11 34 1
11 35 1
11 36 1
11 37 1
11 38 1
11 39 1
11 40 1
11 41 1
11 42 1
11 43 1
11 44 1
11 45 1
11 46 1
11 47 1
11 48 1
11 49 1
12 13 3
12 14 3
12 15 3
12 16 3
12 17 3
12 18 1
12 19 1
12 20 1
12 21 1
12 22 1
12 23 1
12 24 1
12 25 1
12 26 1
12 27 1
12 28 1
12 29 1
12 30 1
12 31 1
12 32 1
12 33 1
12 34 1
12 35 1
12 36 1
12 37 1
12 38 1
12 39 1
12 40 1
12 41 1
12 42 1
12 43 1
12 44 1
12 45 1
12 46 1
12 47 1
12 48 1
12 49 1
13 14 3
13 15 3
13 16 3
13 17 3
13 18 1
13 19 1
13 20 1
13 21 1
13 22 1
13 23 1
13 24 1
13 25 1
13 26 1
13 27 1
13 28 1
13 29 1
13 30 1
13 31 1
13 32 1
13 33 1
13 34 1
13 35 1
13 36 1
13 37 1
13 38 1
13 39 1
13 40 1
13 41 1
13 42 1
13 43 1
13 44 1
13 45 1
13 46 1
13 47 1
13 48 1
13 49 1
14 15 3
14 16 3
14 17 3
14 18 1
14 19 1
14 20 1
14 21 1
14 22 1
14 23 1
14 24 1
14 25 1
14 26 1
14 27 1
14 28 1
14 29 1
14 30 1
14 31 1
14 32 1
14 33 1
14 34 1
14 35 1
14 36 1
14 37 1
14 38 1
14 39 1
14 40 1
14 41 1
14 42 1
14 43 1
14 44 1
14 45 1
14 46 1
14 47 1
14 48 1
14 49 1
15 16 3
15 17 3
15 18 1
15 19 1
15 20 1
15 21 1
15 22 1
15 23 1
15 24 1
15 25 1
15 26 1
15 27 1
15 28 1
15 29 1
15 30 1
15 31 1
15 32 1
15 33 1
15 34 1
15 35 1
15 36 1
15 37 1
15 38 1
15 39 1
15 40 1
15 41 1
15 42 1
15 43 1
15 44 1
15 45 1
15 46 1
15 47 1
15 48 1
15 49 1
16 17 3
16 18 1
16 19 1
16 20 1
16 21 1
16 22 1
16 23 1
16 24 1
16 25 1
16 26 1
16 27 1
16 28 1
16 29 1
16 30 1
16 31 1
16 32 1
16 33 1
16 34 1
16 35 1
16 36 1
16 37 1
16 38 1
16 39 1
16 40 1
16 41 1
16 42 1
16 43 1
16 44 1
16 45 1
16 46 1
16 47 1
16 48 1
16 49 1
17 18 1
17 19 1
17 20 1
17 21 1
17 22 1
17 23 1
17 24 1
17 25 1
17 26 1
17 27 1
17 28 1
17 29 1
17 30 1
17 31 1
17 32 1
17 33 1
17 34 1
17 35 1
17 36 1
17 37 1
17 38 1
17 39 1
17 40 1
17 41 1
17 42 1
17 43 1
17 44 1
17 45 1
17 46 1
17 47 1
17 48 1
17 49 1
18 19 3
18 20 2
18 21 3
18 22 3
18 23 2
18 24 2
18 25 1
18 26 1
18 27 1
18 28 1
18 29 1
18 30 1
18 31 1
18 32 1
18 33 1
18 34 1
18 35 1
18 36 1
18 37 1
18 38 1
18 39 1
18 40 1
18 41 1
18 42 1
18 43 1
18 44 1
18 45 1
18 46 1
18 47 1
18 48 1
18 49 1
19 20 2
19 21 3
19 22 3
19 23 2
19 24 2
19 25 1
19 26 1
19 27 1
19 28 1
19 29 1
19 30 1
19 31 1
19 32 1
19 33 1
19 34 1
19 35 1
19 36 1
19 37 1
19 38 1
19 39 1
19 40 1
19 41 1
19 42 1
19 43 1
19 44 1
19 45 1
19 46 1
19 47 1
19 48 1
19 49 1
20 21 2
20 22 2
20 23 3
20 24 3
20 25 1
20 26 1
20 27 1
20 28 1
20 29 1
20 30 1
20 31 1
20 32 1
20 33 1
20 34 1
20 35 1
20 36 1
20 37 1
20 38 1
20 39 1
20 40 1
20 41 1
20 42 1
20 43 1
20 44 1
20 45 1
20 46 1
20 47 1
20 48 1
20 49 1
21 22 4
21 23 2
21 24 2
21 25 1
21 26 1
21 27 1
21 28 1
21 29 1
21 30 1
21 31 1
21 32 1
21 33 1
21 34 1
21 35 1
21 36 1
21 37 1
21 38 1
21 39 1
21 40 1
21 41 1
21 42 1
21 43 1
21 44 1
21 45 1
21 46 1
21 47 1
21 48 1
21 49 1
22 23 2
22 24 2
22 25 1
22 26 1
22 27 1
22 28 1
22 29 1
22 30 1
22 31 1
22 32 1
22 33 1
22 34 1
22 35 1
22 36 1
22 37 1
22 38 1
22 39 1
22 40 1
22 41 1
22 42 1
22 43 1
22 44 1
22 45 1
22 46 1
22 47 1
22 48 1
22 49 1
23 24 3
23 25 1
23 26 1
23 27 1
23 28 1
23 29 1
23 30 1
23 31 1
23 32 1
23 33 1
23 34 1
23 35 1
23 36 1
23 37 1
23 38 1
23 39 1
23 40 1
23 41 1
23 42 1
23 43 1
23 44 1
23 45 1
23 46 1
23 47 1
23 48 1
23 49 1
24 25 1
24 26 1
24 27 1
24 28 1
24 29 1
24 30 1
24 31 1
24 32 1
24 33 1
24 34 1
24 35 1
24 36 1
24 37 1
24 38 1
24 39 1
24 40 1
24 41 1
24 42 1
24 43 1
24 44 1
24 45 1
24 46 1
24 47 1
24 48 1
24 49 1
25 26 3
25 27 3
25 28 3
25 29 3
25 30 3
25 31 3
25 32 3
25 33 3
25 34 3
25 35 3
25 36 3
25 37 3
25 38 3
25 39 1
25 40 1
25 41 1
25 42 1
25 43 1
25 44 1
25 45 1
25 46 1
25 47 1
25 48 1
25 49 1
26 27 4
26 28 3
26 29 3
26 30 3
26 31 3
26 32 3
26 33 3
26 34 3
26 35 3
26 36 3
26 37 3
26 38 3
26 39 1
26 40 1
26 41 1
26 42 1
26 43 1
26 44 1
26 45 1
26 46 1
26 47 1
26 48 1
26 49 1
27 28 3
27 29 3
27 30 3
27 31 3
27 32 3
27 33 3
27 34 3
27 35 3
27 36 3
27 37 3
27 38 3
27 39 1
27 40 1
27 41 1
27 42 1
27 43 1
27 44 1
27 45 1
27 46 1
27 47 1
27 48 1
27 49 1
28 29 4
28 30 3
28 31 3
28 32 3
28 33 3
28 34 3
28 35 3
28 36 3
28 37 3
28 38 3
28 39 1
28 40 1
28 41 1
28 42 1
28 43 1
28 44 1
28 45 1
28 46 1
28 47 1
28 48 1
28 49 1
29 30 3
29 31 3
29 32 3
29 33 3
29 34 3
29 35 3
29 36 3
29 37 3
29 38 3
29 39 1
29 40 1
29 41 1
29 42 1
29 43 1
29 44 1
29 45 1
29 46 1
29 47 1
29 48 1
29 49 1
30 31 3
30 32 3
30 33 3
30 34 3
30 35 3
30 36 3
30 37 3
30 38 3
30 39 1
30 40 1
30 41 1
30 42 1
30 43 1
30 44 1
30 45 1
30 46 1
30 47 1
30 48 1
30 49 1
31 32 4
31 33 4
31 34 4
31 35 3
31 36 3
31 37 3
31 38 3
31 39 1
31 40 1
31 41 1
31 42 1
31 43 1
31 44 1
31 45 1
31 46 1
31 47 1
31 48 1
31 49 1
32 33 4
32 34 4
32 35 3
32 36 3
32 37 3
32 38 3
32 39 1
32 40 1
32 41 1
32 42 1
32 43 1
32 44 1
32 45 1
32 46 1
32 47 1
32 48 1
32 49 1
33 34 4
33 35 3
33 36 3
33 37 3
33 38 3
33 39 1
33 40 1
33 41 1
33 42 1
33 43 1
33 44 1
33 45 1
33 46 1
33 47 1
33 48 1
33 49 1
34 35 3
34 36 3
34 37 3
34 38 3
34 39 1
34 40 1
34 41 1
34 42 1
34 43 1
34 44 1
34 45 1
34 46 1
34 47 1
34 48 1
34 49 1
35 36 3
35 37 3
35 38 3
35 39 1
35 40 1
35 41 1
35 42 1
35 43 1
35 44 1
35 45 1
35 46 1
35 47 1
35 48 1
35 49 1
36 37 3
36 38 3
36 39 1
36 40 1
36 41 1
36 42 1
36 43 1
36 44 1
36 45 1
36 46 1
36 47 1
36 48 1
36 49 1
37 38 3
37 39 1
37 40 1
37 41 1
37 42 1
37 43 1
37 44 1
37 45 1
37 46 1
37 47 1
37 48 1
37 49 1
38 39 1
38 40 1
38 41 1
38 42 1
38 43 1
38 44 1
38 45 1
38 46 1
38 47 1
38 48 1
38 49 1
39 40 2
39 41 2
39 42 2
39 43 2
39 44 2
39 45 2
39 46 2
39 47 2
39 48 2
39 49 2
40 41 3
40 42 3
40 43 3
40 44 2
40 45 2
40 46 2
40 47 2
40 48 2
40 49 2
41 42 3
41 43 3
41 44 2
41 45 2
41 46 2
41 47 2
41 48 2
41 49 2
42 43 3
42 44 2
42 45 2
42 46 2
42 47 2
42 48 2
42 49 2
43 44 2
43 45 2
43 46 2
43 47 2
43 48 2
43 49 2
44 45 3
44 46 3
44 47 3
44 48 3
44 49 3
45 46 3
45 47 3
45 48 3
45 49 3
46 47 3
46 48 3
46 49 3
47 48 4
47 49 4
48 49 4
